#外电阻 R 10K
e 3
10

#1
#波长 nm
e -9
577
#外加电压 V
15.0	10.0	8.0	5.0	3.0	1.0	0.0	-3.0	-2.5	-2.0	-1.0	-.9	-.8	-.7	-.6	-.5	-.4	-.3	-.2	-.1
#测得分压 mV
e -3
15.36	14.67	14.56	14.27	13.73	11.92	6.34	-.23	-.22	-.21	-.19	-.18	-.17	-.15	-.05	.33	1.19	2.44	3.80	5.08

#2
#波长 nm
e -9
546
#外加电压
15.0	10.0	8.0	5.0	3.0	1.0	0.0	-3.0	-2.5	-2.0	-1.0	-.9	-.8	-.7	-.6	-.5	-.4	-.3	-.2	-.1
#测得分压
e -3
35.64	34.78	34.46	33.42	33.23	27.08	13.75	-.62	-.60	-.59	-.52	-.49	-.47	-.34	.10	1.27	3.19	5.84	8.41	10.94

#3
#波长 nm
e -9
436
#外加电压
15.0	10.0	8.0	5.0	3.0	1.0	0.0	-3.0	-2.5	-2.0	-1.0	-.9	-.8	-.7	-.6	-.5	-.4	-.3	-.2	-.1
#测得分压
e -3
34.50	33.89	33.44	32.15	30.94	26.08	14.83	-.78	-.76	-.75	-.04	.43	1.09	1.99	3.19	4.76	6.67	8.72	10.75	12.81

#4
#波长 nm
e -9
405
#外加电压
15.0	10.0	8.0	5.0	3.0	1.0	0.0	-3.0	-2.5	-2.0	-1.0	-.9	-.8	-.7	-.6	-.5	-.4	-.3	-.2	-.1
#测得分压
e -3
22.60	22.12	21.79	20.81	21.04	18.14	10.69	-.56	0.55	-.52	.28	.69	1.19	1.84	2.64	3.72	4.87	6.17	7.66	9.07

#5
#波长 nm
e -9
365
#外加电压
15.0	10.0	8.0	5.0	3.0	1.0	0.0	-3.0	-2.5	-2.0	-1.0	-.9	-.8	-.7	-.6	-.5	-.4	-.3	-.2	-.1
#测得分压
e -3
55.70	54.08	53.00	50.96	48.21	38.80	22.36	-1.47	-1.44	-1.36	2.55	3.60	3.57	6.12	7.84	9.90	12.64	15.19	17.82	20.47


#光强与电压
#546nm
#透光
25	50	75	0
#分压
e -3
7.01	17.33	30.11	.15

