#LED伏安特性
#R
#U / V
1.674	1.701	1.718	1.740	1.754	1.769	1.782	1.800	1.810	1.816	1.825	1.834	1.842	1.851	1.858	1.876	1.887	1.894	1.904	1.914
#I / mA
e -3
1.0	2.0	3.0	5.0	7.0	10.0	13.2	19.3	23.0	25.9	29.6	34.3	38.4	43.4	47.9	59.2	67.0	70.1	79.5	86.9
#G
#U / V
2.155	2.184	2.207	2.237	2.260	2.288	2.311	2.354	2.372	2.394	2.411	2.430	2.451	2.473	2.498	2.537	2.573	2.586	2.609	2.656
#I / mA
e -3
1.0	2.0	3.0	5.0	7.0	10.0	13.1	19.7	22.6	26.4	29.6	33.7	38.	43.0	48.9	58.8	68.9	72.7	79.1	95.1
#B
#U / V
2.472	2.495	2.512	2.532	2.550	2.564	2.576	2.599	2.611	2.620	2.632	2.640	2.654	2.665	2.678	2.696	2.707	2.721	2.735	2.798
#I / mA
e -3
1.0	2.0	3.0	5.0	7.0	10.0	13.0	19.8	23.2	26.2	30.5	33.9	40.0	44.6	51.0	59.1	64.9	72.2	81.0	96.6

#LED发光强度
#R
#I / mA
e -3
1.0	2.0	3.0	5.1	7.2	10.0	12.6	19.6	23.0	27.0	30.0	34.1	40.0	45.0	50.3	61.0	66.2	72.2	79.3	98.0
#U / mV
e -3
1.00	1.24	1.53	2.29	3.17	4.36	5.38	8.44	10.00	11.36	13.28	15.18	18.00	20.28	22.84	27.82	30.34	33.14	36.47	45.08
#G
#I / mA
e -3
1.0	2.0	3.0	5.0	7.3	10.0	13.1	20.1	23.2	28.2	32.0	35.0	40.0	45.5	52.0	62.2	66.6	73.0	84.9	93.5
#U / mV
e -3
1.09	1.37	1.73	2.47	3.40	4.23	5.19	7.43	8.37	9.88	10.91	11.77	13.06	14.51	16.20	18.69	19.64	21.08	23.67	26.53
#B
#I / mA
e -3
1.0	2.0	3.0	5.0	7.3	10.0	13.1	20.1	24.1	29.0	32.5	38.5	45.6	56.0	63.2	69.0	75.9	85.4	94.1
#U / mV
e -3
1.31	2.29	2.17	5.02	7.33	9.79	12.73	19.39	23.36	28.32	31.60	37.11	44.09	53.91	60.71	69.0	75.9	85.7	94.1

#配色
#懒得记了



