 ysz                                       
   Analysed between channels 2108 and 5150.  Calibration=0.00637 ns/chann.     
   Total counts=1916138                      Bkgr./signal=1.12%                

Fit's variance =1.0470                   Date:      2020/12/31     10:26:15 

SAMPLE: 
intensities [%]          lifetimes [ns]           dispersions [ns]          
78.26(0.11)              0.18204(0.00039)         0.0000                    
21.47(0.11)              0.38291(0.00097)         0.0000                    
0.265(0.014)             1.712(0.094)             0.0000                    


ZERO CHAN.     2125.97677(0.00013)       BACKGROUND    6.786(0.052)[Counts] 

RESOLUTION CURVE : 
     ESG fract. (%)       Shift (chnns)           FWHM (ns)      tau(left) (ns)     tau(right) (ns)
           100.0000              0.0000              0.2000              0.0000              0.0000
ysz
0.00637
0
0.2
       0
       0
       0
       0
       0
       0
       0
       0
       0
       0
       0
       0
       0
       0
       0
       0
       0
       0
       0
       0
       0
       0
       0
       0
       0
       0
       0
       0
       0
       0
       0
       0
       0
       0
       0
       0
       0
       0
       0
       0
       0
       0
       0
       0
       0
       0
       0
       0
       0
       0
       0
       0
       0
       0
       0
       0
       0
       0
       0
       0
       0
       0
       0
       0
       0
       0
       0
       0
       0
       0
       0
       0
       0
       0
       0
       0
       0
       0
       0
       0
       0
       0
       0
       0
       0
       0
       0
       0
       0
       0
       0
       0
       0
       0
       0
       0
       0
       0
       0
       0
       0
       0
       0
       0
       0
       0
       0
       0
       0
       0
       0
       0
       0
       0
       0
       0
       0
       0
       0
       0
       0
       0
       0
       0
       0
       0
       0
       0
       0
       0
       0
       0
       0
       0
       0
       0
       0
       0
       0
       0
       0
       0
       0
       0
       0
       0
       0
       0
       0
       0
       0
       0
       0
       0
       0
       0
       0
       0
       0
       0
       0
       0
       0
       0
       0
       0
       0
       0
       0
       0
       0
       0
       0
       0
       0
       0
       0
       0
       0
       0
       0
       0
       0
       0
       0
       0
       0
       0
       0
       0
       0
       0
       0
       0
       0
       0
       0
       0
       0
       0
       0
       0
       0
       0
       0
       0
       0
       0
       0
       0
       0
       0
       0
       0
       0
       0
       0
       0
       0
       0
       0
       0
       0
       0
       0
       0
       0
       0
       0
       0
       0
       0
       0
       0
       0
       0
       0
       0
       0
       0
       0
       0
       0
       0
       0
       0
       0
       0
       0
       0
       0
       0
       0
       0
       0
       0
       0
       0
       0
       0
       0
       0
       0
       0
       0
       0
       0
       0
       0
       0
       0
       0
       0
       0
       0
       0
       0
       0
       0
       0
       0
       0
       0
       0
       0
       0
       0
       0
       0
       0
       0
       0
       0
       0
       0
       0
       0
       0
       0
       0
       0
       0
       0
       0
       0
       0
       0
       0
       0
       0
       0
       0
       0
       0
       0
       0
       0
       0
       0
       0
       0
       0
       0
       0
       0
       0
       0
       0
       0
       0
       0
       0
       0
       0
       0
       0
       0
       0
       0
       0
       0
       0
       0
       0
       0
       0
       0
       0
       0
       0
       0
       0
       0
       0
       0
       0
       0
       0
       0
       0
       0
       0
       0
       0
       0
       0
       0
       0
       0
       0
       0
       0
       0
       0
       0
       0
       0
       0
       0
       0
       0
       0
       0
       0
       0
       0
       0
       0
       0
       0
       0
       0
       0
       0
       0
       0
       0
       0
       0
       0
       0
       0
       0
       0
       0
       0
       0
       0
       0
       0
       0
       0
       0
       0
       0
       0
       0
       0
       0
       0
       0
       0
       0
       0
       0
       0
       0
       0
       0
       0
       0
       0
       0
       0
       0
       0
       0
       0
       0
       0
       0
       0
       0
       0
       0
       0
       0
       0
       0
       0
       0
       0
       0
       0
       0
       0
       0
       0
       0
       0
       2
       1
       0
       0
       2
       1
       0
       2
       2
       3
       7
       7
       6
       5
       7
      11
       7
       5
       8
      11
       3
       8
      10
       9
       5
       8
       7
       8
       6
       9
      10
      14
       7
       5
       9
      13
       5
       3
       8
       9
       6
      14
       6
       8
       9
       6
      10
       9
       5
       7
      11
       9
      10
      10
       5
       7
       4
       6
       4
      10
       5
       8
       9
      12
       4
       7
      11
       9
       5
       9
       4
       7
       6
       6
       7
       7
      10
       7
       7
       8
       8
       9
      14
       6
      12
       6
       5
       3
       7
      11
       8
       9
      10
       7
       7
       6
       7
       7
       5
       5
      11
       8
       6
       2
       4
       8
       8
       7
       3
      13
       3
       2
       9
       8
      12
       6
       3
       6
       9
       7
       4
       8
       6
       7
       7
       4
       8
       8
      12
       7
       6
       5
       5
       5
       8
       9
      11
       9
      12
       7
       8
       6
       7
       8
       4
       4
       6
       9
       8
       6
       7
       4
      13
       5
       5
       9
       3
      11
       5
       8
       5
       2
       8
       2
       4
       7
       3
      13
       8
       9
      10
       7
       4
      10
       6
       4
      11
      10
       8
       7
      11
       6
       8
       9
      10
       5
       8
      13
      11
       9
       7
       5
       3
       8
       7
       6
       8
       5
       7
       5
      11
       6
       8
       7
       4
       6
       7
       9
      13
       6
       4
       3
      11
       5
       2
       1
       7
       5
       7
       7
       7
       4
       8
       4
       7
       5
       5
      13
       8
       7
       6
       5
       8
       9
       6
       9
       5
       4
       8
       5
       6
       8
       7
       5
       5
       3
      10
       2
       8
       7
       3
       5
       6
       3
       3
       8
      10
       8
      11
       5
      10
      11
       7
       8
       7
       9
       2
       4
       6
       8
       8
       7
       4
       8
       6
       6
       7
      13
      11
       8
       8
       8
       9
       7
       8
       3
       2
       8
      10
       9
       3
      10
       8
       7
       5
       5
       7
       6
       7
       6
       6
       7
       6
       6
       8
       5
       8
       9
       7
       8
       6
       4
       9
       6
       8
       4
       5
       8
       8
      10
       8
       4
       7
       4
       8
       3
       5
      10
       6
       7
       7
       6
       7
       9
       4
       8
       5
      10
       6
      11
       9
       5
      12
       7
       5
       6
      12
       6
       9
       5
      12
      12
      12
       9
      12
      10
       8
       6
       7
       4
      11
       8
       6
       6
       4
       6
      11
       3
       9
      11
       7
       8
       7
       7
       9
       4
       7
       4
       4
       5
       8
       5
       5
       1
       7
       7
       3
       7
       7
       8
       7
       7
       5
       8
       5
       4
       9
       9
       4
      11
       9
       4
       4
      11
      10
      13
       6
       2
       5
       7
       7
       9
       6
       5
      13
       5
       5
       8
       7
       4
       6
       4
       9
      10
       8
       8
       8
       3
       6
       6
       9
       7
       8
       6
       4
       5
       5
       4
       8
       7
       8
      11
       9
       5
       5
       9
       6
       7
       5
       7
       7
       5
      11
       8
       6
       5
      10
       4
       6
       7
       8
       7
       7
       6
       8
       9
       8
       6
       8
       8
       7
       3
      10
       9
       5
       8
       2
       8
       8
       7
       6
       5
       4
       3
       6
       6
       4
       5
       4
       6
       7
       6
       7
       6
       9
       7
       5
       5
       6
       6
       7
       8
       6
       2
      11
       7
       8
      10
       5
       7
       8
       8
      10
       5
       4
       7
       5
       9
       4
       5
       4
       6
       7
       6
       5
       6
       9
       6
       8
       5
       9
       5
       6
      13
       3
       6
      13
       7
      10
       6
      11
       6
      11
       7
       8
       9
       7
      10
       8
       6
       8
      11
      10
       4
      10
      11
       5
       6
       8
       6
       3
       9
       8
       6
       4
       7
       7
       8
       7
       6
      10
      13
       4
       7
       6
       8
       9
      10
       4
       8
       8
       9
       8
       5
       4
       4
      11
       8
       9
      10
       7
       6
       8
       6
       6
       5
       7
       6
       5
       6
       6
       8
      11
       3
       7
       8
       9
      12
       4
      12
      11
       7
       8
       4
       5
       7
       5
       4
       5
       6
       7
       5
      12
       4
       8
       6
      11
       6
       7
       1
      11
       7
       3
       8
       5
       7
      11
       4
       6
       9
       8
       1
       6
       9
       4
      10
      12
       6
      15
       4
       2
       7
       4
       4
       8
       7
       9
       8
       7
       6
       9
       7
       6
      12
       8
       5
       5
       5
       6
       8
       5
       8
       9
       3
       3
       5
       4
       4
       6
       4
       6
       8
       7
      10
       9
       8
       3
       2
       5
       3
      11
      13
       7
       3
       8
      11
       0
       9
       3
       7
       5
      11
       7
       6
       7
      10
       8
       4
       9
       3
       3
       7
       7
       6
       6
       2
       4
      10
       9
       7
       7
       9
       8
       5
       5
       2
      12
      12
       4
       5
       7
       7
      10
      11
      15
      11
       5
       6
      12
       6
      13
       8
       7
       7
       9
       7
       7
      10
       1
      10
       9
       7
      10
       9
       6
       4
       7
       5
      10
       6
       6
      13
       8
       7
       7
       5
       6
       2
       7
       7
       5
       8
       7
       3
       7
       9
       8
       6
       3
       5
       8
       5
       6
       9
       2
      11
       9
      13
      12
       6
       5
      10
      10
       5
       9
       6
       3
       6
       7
       9
       3
       8
       8
       7
      13
       8
       4
       5
       6
       6
       7
       7
       5
       3
       5
       8
       3
       5
       7
       8
      14
      11
       7
       5
      11
       4
      10
       4
       5
      13
       8
       3
       4
       5
      10
      11
       2
       3
       7
      10
       8
      12
       5
       8
       7
       6
       8
       9
      10
       3
      10
       9
       8
       7
       3
       6
       5
       3
       6
       2
       6
       5
       7
       5
      14
       3
       5
       6
       6
       5
       7
       7
       5
       9
       9
       5
       5
       7
       9
      10
       6
       7
       6
       7
       4
       7
       7
       5
       4
       4
       6
       9
       8
       5
       6
      10
       9
       8
       4
       4
       6
       5
       5
      11
       7
      10
       4
      11
       7
       5
       4
       6
       6
       9
       2
       9
       5
       7
       4
       6
       5
       5
       6
      11
      12
       6
       4
       5
       5
       7
       3
       6
       7
      11
       5
       9
       7
       8
       7
       4
       7
       8
       6
       7
       5
      10
       5
       5
       3
      10
       4
       7
       5
       5
       7
       3
      10
       5
       4
      13
       3
      12
      10
       6
       9
       6
      11
       5
       7
       5
       7
       6
      10
      10
       9
       8
       8
      13
       4
       4
       6
       9
       7
       8
       6
       5
       9
       2
       5
       5
       4
       3
       6
       8
       9
       6
       7
       4
       8
      11
       7
       6
       5
       5
       7
      10
      11
       7
       3
       9
      10
       8
       6
       5
       9
       7
       6
       9
       7
       4
       8
      10
      11
       7
       5
       8
       8
       5
      10
       7
       6
       3
       5
      10
       2
       5
       5
       8
       3
       5
       9
       8
      12
       6
       6
       3
       8
       6
       5
       2
       6
       5
       4
       9
       9
       8
      13
       7
       5
       6
       5
       4
       7
       6
       5
       9
       5
       7
      10
      10
       8
       4
      10
       5
       6
       5
       6
       6
       7
       6
       4
       9
       5
       6
       7
      13
       9
      10
       5
       7
      10
       9
       6
       4
       7
      16
       9
       9
       9
       5
       8
       6
       9
       3
      11
       9
      10
       8
       1
       5
       2
       8
       7
       6
       5
       6
      11
       6
       2
       9
       6
      10
       7
       7
       4
       4
       6
       7
       2
       6
      11
       9
      12
       6
       4
       7
       2
       7
       4
       4
       2
       4
       7
      10
       6
       8
       8
       4
       9
       8
      10
      10
       5
       3
       8
       5
      10
      14
       6
       8
      11
       6
       6
       4
       6
       5
       4
      11
       2
       5
       3
      11
      10
      12
       8
       4
       6
       6
       9
      11
       6
       6
       6
       9
       3
       6
       7
       2
       9
       8
       2
       5
       5
       5
       6
       7
      11
       8
       2
       1
      10
       8
       5
       7
      10
      13
       3
      10
       4
       3
      13
       7
       7
      10
       4
      14
       4
       5
       8
       9
       8
       9
       7
      10
      10
       2
       6
       8
      11
      10
       9
      12
       8
       6
       6
      10
      10
       7
       2
       4
       6
       5
       3
       7
       8
       4
      10
       4
       5
       3
       4
       7
       7
       7
       4
       4
       8
       6
       8
      15
       4
       4
       7
      11
       6
       5
       4
       3
       5
       1
      12
      10
       5
       7
       5
       8
       6
       7
       6
       3
      11
      12
       8
       7
       7
       5
       8
       2
       7
      10
      10
       6
       4
       2
       1
       4
       6
       7
       6
       5
       8
       3
       7
       7
       7
       7
      10
       3
       6
       6
      11
       9
       6
      13
      13
      11
      18
       8
      12
      11
       7
      11
       8
       5
      10
      14
       5
       5
       8
       5
       9
       9
       7
       7
       8
       6
      11
       6
       7
       9
       7
       8
      11
       8
      10
       5
      12
       5
       9
       5
       9
      10
       5
       6
      11
       9
       7
      12
       8
       5
       5
       5
       7
       7
       3
       8
       3
      11
       8
      12
      12
       7
       8
       8
       8
       4
       8
       3
       5
       9
       8
       7
       9
       8
       8
       4
      10
       4
      11
       6
       8
       5
       7
       4
       6
       5
       8
       6
      11
       8
       3
       6
       3
       4
       4
       9
       7
       9
       9
       5
       8
       9
       9
       9
       3
       9
       3
       6
       7
       6
       8
       7
      12
       5
       7
       6
       7
       5
       8
       7
      10
       6
       9
      10
      11
      10
       9
       6
       9
      10
      10
       8
      10
       6
      10
       6
       8
      13
      11
       8
      11
       8
       3
       3
      12
      13
       6
       5
      13
       8
       6
       7
       4
       5
      12
       5
      12
       6
       8
       5
      11
       8
       7
       7
       8
      11
       6
       9
       5
       7
       9
       6
       5
       8
       9
       9
      13
       5
       9
       6
      10
       6
       6
       8
       6
       8
       5
       4
      11
       6
       6
       9
       4
       7
       9
       5
       9
       5
       7
      16
       8
      10
       5
      16
       6
      11
       3
       8
       7
      10
       9
       4
       9
      12
       4
       8
       6
       8
       7
      10
       8
       4
       8
       5
      12
       7
       9
       3
      10
       2
       9
       9
       9
       8
       5
       7
       8
       7
      13
       8
      13
      12
       9
       7
      11
      15
      11
       6
      10
       6
      12
      13
       6
      21
      15
      12
       6
      19
       6
       5
      20
       4
       7
      11
      12
       9
      13
       3
       9
      12
       6
       9
      12
       7
      19
      15
      10
      11
      12
      10
      10
      13
      12
       8
      12
      10
       7
      22
      13
      13
      21
      11
      16
      14
      15
      23
      22
      17
      20
      18
      21
      17
      20
      27
      27
      27
      26
      32
      52
      46
      71
      65
      73
      83
      79
      91
     125
     166
     181
     244
     259
     283
     380
     476
     618
     716
     860
     999
    1108
    1430
    1662
    1956
    2273
    2734
    3062
    3419
    4056
    4590
    5250
    5919
    6635
    7416
    8355
    9131
   10210
   11287
   12323
   13445
   14567
   15520
   16860
   17840
   19043
   20434
   21028
   22675
   23468
   24341
   25415
   25984
   27018
   27606
   28077
   28613
   29258
   29558
   29871
   29913
   30381
   29931
   29925
   30044
   29899
   29593
   29302
   28965
   28290
   28133
   27635
   27185
   26738
   26224
   25456
   24740
   24416
   23613
   22880
   22579
   22125
   21229
   20612
   20253
   19321
   18730
   18211
   17880
   17447
   16747
   16315
   15727
   15252
   14747
   14392
   13797
   13656
   13207
   12812
   12281
   12095
   11782
   11228
   10782
   10476
   10225
   10087
    9615
    9339
    9011
    8816
    8562
    8324
    8006
    7808
    7645
    7309
    7079
    6770
    6678
    6464
    6331
    6298
    6081
    5766
    5590
    5457
    5285
    5288
    4943
    4881
    4842
    4659
    4513
    4394
    4207
    4166
    3875
    3964
    3740
    3581
    3657
    3512
    3445
    3204
    3238
    3180
    3171
    2996
    3016
    2819
    2800
    2736
    2575
    2497
    2544
    2408
    2309
    2304
    2308
    2208
    2226
    2088
    1993
    1960
    1941
    1873
    1870
    1791
    1735
    1779
    1637
    1613
    1612
    1555
    1454
    1453
    1407
    1374
    1380
    1354
    1305
    1302
    1269
    1265
    1137
    1180
    1116
    1099
    1066
    1069
    1008
     996
     967
     942
     909
     928
     891
     865
     840
     813
     846
     781
     766
     770
     719
     738
     696
     715
     704
     680
     662
     658
     628
     624
     634
     537
     551
     593
     576
     535
     544
     555
     516
     509
     479
     512
     484
     489
     439
     473
     442
     418
     433
     488
     387
     394
     394
     354
     372
     395
     367
     372
     368
     378
     366
     309
     300
     310
     313
     291
     282
     272
     285
     293
     284
     282
     286
     226
     239
     238
     245
     253
     235
     218
     213
     247
     209
     200
     212
     204
     203
     192
     202
     168
     185
     180
     183
     227
     161
     157
     147
     181
     157
     152
     186
     165
     134
     155
     170
     160
     128
     117
     140
     144
     138
     128
     123
     135
     118
     121
     138
     136
     124
     125
     111
     124
     123
      86
      97
      91
      86
     113
      95
     104
      92
      88
      99
      77
     107
      86
      74
      93
      93
      77
      92
      83
      70
      78
      75
      78
      68
      68
      75
      90
      70
      85
      82
      62
      72
      58
      60
      70
      63
      67
      67
      63
      54
      49
      60
      63
      53
      65
      58
      54
      49
      55
      59
      55
      49
      60
      49
      51
      48
      60
      48
      45
      50
      44
      33
      55
      56
      42
      42
      44
      45
      52
      46
      55
      36
      39
      33
      29
      38
      49
      32
      45
      48
      33
      36
      41
      49
      38
      32
      30
      33
      29
      34
      31
      27
      42
      28
      22
      36
      37
      26
      28
      31
      33
      29
      31
      31
      33
      25
      32
      35
      34
      23
      32
      22
      28
      27
      37
      31
      20
      35
      18
      27
      34
      24
      32
      22
      27
      19
      17
      29
      13
      25
      39
      19
      33
      30
      25
      15
       9
      23
      14
      17
      21
      34
      24
      27
      20
      22
      16
      19
      17
      14
      23
      18
      16
      21
      23
      15
      24
       7
      13
      12
      14
      18
      10
      20
       9
      13
      13
      18
      11
      21
      11
      11
      11
      22
       9
      11
      13
      19
      13
      18
      17
      18
      18
      11
      16
      12
      10
      10
      15
      15
      11
      15
      16
      11
      13
      15
      18
      13
      12
      13
      13
      17
      13
      17
       8
      14
      10
      12
      11
      21
      18
       9
      12
      14
      17
      12
      20
      15
      20
      17
       9
      15
       8
      14
       9
      15
      15
      13
      14
      14
      14
      17
      12
      18
      11
      16
       9
      14
       6
       9
       9
       9
       6
       6
       8
       2
      14
      13
      18
      15
      15
      11
       8
      13
       9
      12
      13
       9
      13
       8
      14
      11
      12
       9
       5
       4
       7
       7
       8
      14
       8
      14
      11
      12
       9
      19
       7
      12
       5
      15
       5
      13
       9
      13
      10
       8
       9
       8
      12
      10
       7
      14
      10
      13
       9
      10
      11
       4
       9
       6
       5
       9
      10
      10
       7
       6
       9
       7
      13
      10
      12
       8
       9
      14
      10
       5
      10
       7
       8
       8
       6
       8
      10
       6
       9
       6
       8
      12
      12
      11
       7
       7
       7
      13
       7
      10
      10
      12
       6
       9
       9
       6
      15
       8
       8
      11
      14
      11
       7
      10
      10
       7
       7
       6
      14
      10
       9
       8
      14
       9
       5
       6
       9
       5
       8
       7
      11
      10
       2
       8
       8
      10
       9
       8
      13
      11
      11
       7
       6
       5
       7
      10
      13
       4
       9
       7
      10
      10
       9
       5
      10
       8
       8
       8
       5
      10
       8
       3
      13
      10
       7
       5
       5
      11
      12
       7
       5
       7
       5
       8
       4
       7
      10
      12
       5
      10
      14
       8
       7
       6
       8
      13
       9
       8
       9
       5
       8
      12
       5
       9
       4
      11
       5
       9
       5
       8
      10
       9
       5
      14
      10
       9
      10
       6
      10
      10
      13
      10
      10
       7
      10
      13
       9
      10
      11
      10
       8
      11
       8
       9
       8
       8
      10
       7
       6
       9
       5
       8
       8
      11
       6
       3
       4
       8
       8
       8
       8
       6
      13
       9
      10
       9
       9
       6
       7
      12
      10
       6
       3
      13
      12
       3
      11
      10
       6
      11
       7
      10
       7
       9
       9
      11
       6
       7
       6
       7
      13
       6
       7
       8
      11
       4
      10
       9
       5
      10
       9
      10
      10
       7
       9
       6
       8
      11
       4
       9
       6
      11
       7
       6
       8
       8
       6
      10
       9
       8
      10
       6
       6
       4
       5
      13
       6
       9
       8
       4
       7
       6
       7
       5
       7
       8
       6
       5
      10
       6
      10
      10
       8
       9
       5
       6
       8
       5
      10
       9
      12
       7
      10
       7
       6
      10
      12
       8
       8
       5
       5
       9
       9
       4
      12
       8
       9
       7
       7
       7
       7
       5
      10
      14
       4
       5
      10
       9
       4
       9
       9
       2
       8
       8
       5
       4
       2
       7
       6
       5
       7
       7
       9
       3
       3
       5
       7
       0
       7
       5
       2
       9
       5
       5
      10
       9
       4
       8
       5
      12
       5
       6
       8
       5
       8
       5
       7
       7
       4
       6
       4
       2
       7
       8
       6
       4
       3
       4
       8
      12
      12
      13
      11
       7
      11
       9
      11
       8
       6
       3
      10
       7
      10
       4
      11
       6
      10
      10
       7
       9
      10
       6
       8
      10
      14
       5
      12
       5
       8
       5
       7
      11
      11
       5
       4
      11
       5
      11
       9
      12
      13
       3
       6
       6
      10
      11
       9
       4
       7
      12
       4
       7
      10
       7
       6
       9
       6
       7
       9
       6
      10
       9
       6
      10
       5
      13
       7
       7
      13
       4
      13
       4
       5
       4
       5
       7
       9
       9
       6
       8
       6
       8
      12
       6
       4
       6
       9
      12
       4
       7
       7
       8
       8
       5
       8
       8
       8
       9
       9
       9
       8
       7
       9
      11
      13
      11
       2
      10
      10
      10
       8
       8
       7
       7
       7
      10
       7
      10
       6
      12
       5
       8
       8
       6
      11
      10
       9
       5
       5
       5
       1
       9
       4
      11
      12
       9
       5
       4
       6
       2
       5
       5
       8
       3
      10
       6
       8
       7
       2
       3
      10
      12
      10
       8
       5
       8
       3
       3
       6
       5
      12
       3
       7
       8
       7
       4
       6
       7
       8
       7
       4
       7
       9
      11
       8
       4
      13
       3
       8
       9
      12
       8
       6
       7
      11
       4
       9
       5
       8
       2
       8
      10
       7
       5
       9
       5
       9
       6
       8
      11
       6
       8
       6
       4
       6
       8
      10
       6
       4
       9
       6
       7
       6
       6
      11
       7
       7
       7
       5
       9
      10
       8
      10
       9
      10
      10
       4
      10
       7
       8
       5
       8
       8
       7
       8
       6
       5
      12
       9
       9
      10
       1
       9
       6
       8
       3
      12
       4
       4
       5
       4
      13
      14
       6
       7
       7
       9
       7
       5
       6
       8
       8
       6
       8
       6
       6
      11
       5
      10
      11
       6
       7
       3
       7
       4
      10
       9
       6
       9
       7
       7
       7
       7
       8
       8
       4
       8
       8
       8
       4
       9
       3
       5
       7
       6
      10
      10
       4
       8
       7
       5
      11
       6
      11
       7
       3
       2
       9
       7
       8
       8
       4
       1
       9
       9
       6
       5
       6
       5
       6
       5
      10
       7
       1
       5
      13
      10
      10
       7
       4
       6
      10
      12
       8
       8
      11
       7
       7
       9
       6
      10
       7
      10
       5
      17
       0
      11
       4
       4
       6
       6
       8
       7
       6
       5
       3
       4
       1
       8
       7
       6
       7
       5
       6
       7
       3
       8
       4
       8
       7
       9
       4
       9
       3
      13
       8
       7
      15
       4
       8
       4
       7
       6
       4
      10
       8
       6
      11
       4
       5
       5
       4
       7
       1
       8
       5
       4
      10
       7
      10
       4
      12
       9
       7
       7
       8
       8
       5
       4
       6
       6
       6
       5
       9
       7
      10
       7
       6
       9
       6
       8
      10
       5
       4
       5
       3
       6
       5
      12
      10
       3
      11
       5
       6
       4
      10
       7
       4
      15
       4
      12
       3
       6
       6
       6
       3
       3
       6
       4
       7
       9
      10
       7
       8
       7
       3
       6
      10
       4
       4
       5
       5
       3
       8
       6
       5
      11
       5
       6
       6
       6
       6
      10
       7
      10
       5
       6
       7
       2
       6
       5
       9
      12
       2
       6
       6
      11
       7
       4
       5
       6
       9
      12
       5
       3
       5
       6
       6
       6
       3
       6
       7
      10
       6
      11
       7
       5
       7
       5
      12
       5
       5
      10
      14
       6
       8
       6
       5
       9
       7
      17
       7
       9
       6
       8
       7
       8
       5
       9
      10
       7
       7
      13
      12
      10
       3
       7
       6
       9
       6
      10
       8
      11
       9
       7
       9
       6
       8
       8
       5
       5
      10
       7
       6
       9
       7
       8
      10
       6
       5
       5
       6
       6
       5
       8
       7
       9
      10
       6
      13
       7
       8
       7
       8
      13
      11
       9
       5
      12
       5
      11
       5
       7
       9
      11
       8
      11
      11
       5
       9
       7
      10
      10
       8
       5
       6
       6
       4
       5
       5
       6
       5
       4
       6
       6
       4
       8
       6
       1
       6
       7
       4
       8
       7
       6
      11
       5
       4
       6
       6
       7
       7
      16
       4
      11
       5
      11
       8
       6
       4
      10
       8
       6
       4
      10
       7
       9
       6
       6
       6
       7
       9
       5
      13
       6
       5
       8
       6
       6
       3
       5
      11
      10
      12
       6
       8
       5
       5
       5
       7
       4
       7
       6
       5
       3
       7
       8
       5
       9
       8
       3
       6
       8
       5
       3
       8
       4
      11
       4
       5
       7
       5
       4
       2
       3
       4
       1
       9
       9
       5
       9
       8
       5
       8
       4
       7
       5
       7
       7
       7
       7
       4
       8
       3
       4
       5
       5
      10
       7
       8
       2
       4
      11
       9
       7
       5
      11
      14
       8
       7
      10
       9
       6
       4
       6
       3
       5
       4
       9
       9
       9
      10
       6
       9
       6
       6
       8
       8
       5
       8
      11
       6
       5
       7
      11
       4
       5
       7
       7
       2
      10
       6
       6
       8
       8
       6
       6
       6
       4
       7
       7
      14
      10
       5
       6
      14
       9
      10
      10
       8
       6
      10
       2
       8
       7
       6
       4
       9
       5
       6
       3
       5
       7
       1
       7
      10
       3
       7
       6
       1
      10
       9
      11
       4
       9
       5
       7
       6
       6
       6
      15
       7
       7
       9
       8
      10
      11
      14
       9
       6
      13
      10
      10
       8
       7
       3
       8
       7
       7
       5
       7
       6
       8
       6
       6
       4
       6
       9
       5
       7
       5
       9
       7
       5
       1
       5
       9
       3
       5
       9
       4
       6
      13
       6
       5
       4
      15
       5
       8
       6
       6
       6
      13
       8
       6
       3
       4
       3
       9
       9
       5
       8
       9
       4
       7
       7
       5
       8
       7
       7
       8
       4
       3
       3
       9
       9
       9
       8
       8
      10
       4
      11
       8
       7
       9
       3
       3
       9
       5
       6
      11
       6
       8
      11
       7
       4
       7
       7
      10
       7
       5
      11
       8
      10
       6
       6
      11
       9
       6
       7
       5
       4
       9
       7
       4
       4
       9
      11
       4
       8
      11
       9
       4
       8
       9
       4
       2
       6
       6
      13
      10
       9
       8
       5
       7
      17
       6
      13
       6
       9
       5
       7
       2
      11
       7
       8
       6
       3
       3
       8
       8
       9
       4
       7
      10
       5
      12
       8
       6
       5
      11
       7
       9
       6
       5
       7
       2
       7
       8
       5
       3
       9
       5
       8
       9
       5
       9
       7
       9
       5
       9
      10
      10
       5
       9
       9
       9
       3
       7
       5
       5
       4
       8
       6
       4
       6
       9
       3
       5
       2
       7
       8
       4
      10
       6
       7
       3
       8
       7
       8
       6
       6
      12
       7
       6
      12
      11
       5
      12
       7
       2
       8
       5
       3
       7
      11
       8
      13
       9
       8
       8
       8
       7
       4
      10
       2
      10
       5
       5
       9
       6
       5
       5
       6
      12
       9
       9
       8
      10
       4
       9
       3
      13
       7
       9
       9
       4
       8
       4
       8
       8
      10
       5
       9
       1
       4
      11
       5
       7
      12
      10
       8
       6
       9
      10
       8
       8
       6
       8
       7
       8
       6
       6
       6
       9
       7
       4
       4
       5
      13
       4
       7
       5
      13
       7
       6
       3
       8
       6
       4
       9
       7
      10
       3
       5
       6
       1
       5
       6
       7
       7
       9
       8
      10
       6
      11
       5
       6
       3
       6
       6
       7
       3
       7
       5
       4
       8
       4
       3
       4
       5
       6
      11
       4
       8
       5
       6
       8
       7
       3
      10
       9
       6
       1
      10
       7
       6
       9
       3
       2
       9
       6
       5
       8
       1
       9
       9
       3
       6
      11
       4
       4
       8
      11
      16
       8
      11
       8
       6
       6
       7
      11
       6
       4
       6
      12
       3
       6
       7
       6
      11
       6
       5
       6
       2
       8
       9
       8
       4
       8
       8
       6
      12
       5
       8
       3
       7
       9
       4
       5
       5
       7
       7
       5
       6
       7
       4
       7
      12
       3
       8
       5
       5
       6
       6
       1
       8
       6
       7
       7
       9
       5
       3
       5
       5
       9
       6
       5
       8
       5
       6
      11
       3
      11
       6
       6
      12
       6
       7
       5
       7
       7
       4
       6
       6
       9
       3
      12
       7
       6
       8
       9
       4
       9
      12
       7
      11
       3
       5
       8
      10
       7
       8
      10
       4
       6
       7
       5
       4
      10
       7
       6
       8
       5
       6
       7
       6
       7
       8
       5
       9
       7
       8
       5
       8
      11
       0
       4
       4
      11
      10
      10
       7
       8
       3
       3
       3
       5
       5
       5
       5
       5
       9
       5
       7
       7
      10
       3
       6
      10
       6
       4
       8
       4
       5
       8
       2
      10
       9
       8
       9
       7
       5
      10
       5
      10
      10
       1
       6
       6
       8
       4
       9
       6
       6
       7
       4
       2
       5
       9
       6
       3
       6
       3
       6
       6
       8
       6
       6
       6
      11
       6
       6
       3
       3
       6
       6
       4
      10
      10
       8
       5
       4
       3
       8
       8
       8
      10
       7
       8
       9
       9
       3
       8
       6
       7
       6
       5
       8
       6
       5
       4
      10
       3
       8
       5
       6
       3
      14
       6
       8
       7
      11
       9
       6
       6
       6
       8
       4
       8
       5
       7
       3
       5
       7
       9
       5
       7
       7
       3
      11
       6
       6
       7
       6
       5
      10
       6
       6
       8
       8
       2
       9
       7
       7
       7
       3
       7
       8
       6
       6
       7
       4
       7
       8
       1
       9
       3
       5
       7
       9
       8
       5
      10
       4
       8
       7
       6
       6
       7
       7
       4
       3
       4
       8
      10
       5
      14
       4
      12
       9
       6
       5
       7
       4
       6
       5
       5
       7
       3
       5
       5
       9
       2
       7
      10
      12
      11
       4
       7
      11
       9
       4
      13
      10
      13
       2
       3
      10
       7
       5
       7
       8
       5
       7
       5
      11
      12
       6
       7
       9
       5
       6
      12
       8
       4
       5
       3
       5
       6
       2
      10
       9
       9
       2
       7
       7
      10
       4
      11
       8
       1
       6
       8
       8
      12
       5
       8
       4
       7
      12
      10
      10
       7
       7
       5
       5
      14
       6
      10
       6
       7
       7
       7
       6
       4
       6
       5
       6
       6
       3
       8
       7
      11
       8
       5
      10
       8
       7
       5
       8
       7
      12
      13
      10
      12
       8
       6
      12
       7
       5
       8
       3
       7
       4
       7
       2
       7
       7
       5
       6
       9
      11
       2
       6
       7
       5
       5
       7
       7
       3
       9
       8
       9
       5
      13
       3
       4
       7
       5
       5
       2
      10
       8
       6
       4
       7
       5
       6
       3
       9
       3
       5
       7
      10
      10
       6
       6
       9
      10
       3
       8
       4
       6
       5
       4
       7
       4
       9
      11
       5
       4
       5
       3
       9
       6
       5
       6
      10
       6
       4
      10
       5
       5
      11
       4
      10
       8
       7
       5
       4
       6
       5
      11
       5
       7
       9
       8
      11
       7
       7
       8
       7
       8
       4
       6
       6
       9
       7
       8
       4
       9
       3
       2
       9
      11
       6
       3
       8
       5
       5
       6
       5
       9
       3
       6
       5
       8
       9
       5
      11
       8
       6
       6
       9
       7
       4
       4
       4
       7
       3
      13
       5
       7
       3
      16
       7
       8
       6
       6
       5
       4
       2
       8
       6
       7
       9
       5
      11
       9
       7
       7
      12
       5
      15
       3
       5
       7
       6
       6
       6
       3
       7
       6
       4
       9
       8
       6
       6
       5
       7
      13
      11
       5
       9
       6
       5
      11
       7
       4
       6
       6
      11
       5
       9
       8
       6
       4
       6
       4
      12
       8
       7
       7
       3
       5
       6
       5
       5
       4
       6
       6
       9
      12
       8
       9
       7
       3
       6
      10
       9
       6
       8
       9
       6
       3
       3
       7
       9
       5
       7
      10
       7
      12
       9
       6
       5
      10
       4
       4
       6
       7
       3
      13
       3
       7
       7
       7
       5
       4
       6
       6
       7
       7
       4
      16
       9
       4
      11
       8
       5
      12
       2
       8
      10
       8
       4
      12
       3
       8
       6
       9
       4
       6
       6
       6
       2
       7
       6
       5
       8
       7
       5
       9
       7
       6
       5
       5
       9
       8
       7
       3
       5
       2
       3
       3
       8
       9
       7
       7
       8
       4
       5
      10
       8
       8
       5
       7
       6
       8
       5
       9
       5
       9
       8
       4
      12
       7
       6
      15
       8
       6
       2
       2
       7
      12
       5
       5
       7
       6
       9
       8
       6
       8
      11
       6
      11
       6
       4
       5
       7
       5
       5
       4
      10
       3
      11
      10
       4
       9
       7
       8
       7
      11
       3
      12
       5
       6
       6
       5
       7
      10
       6
      14
       5
       7
       8
       9
       7
       7
       9
       2
       6
       5
       4
       4
       3
      10
       8
       5
       9
       8
       5
       3
       9
       9
      10
       7
       4
       5
       8
       4
       6
       1
       6
       8
       5
       8
       7
       3
       6
       5
      10
       9
       6
       7
       8
       7
      11
      11
      12
       6
       5
       4
       8
       7
       4
       5
       8
       5
      10
       6
      14
       5
       7
       5
       4
       0
       5
       9
       1
       4
       6
       6
       8
       9
       7
       5
       5
       8
       4
       9
       6
      11
       8
       5
      12
       4
      11
       6
       7
       3
       8
       5
       4
       9
      10
       4
      14
      10
       5
      12
      10
       7
       6
       5
       5
       8
       5
       4
      10
       4
       8
       8
       6
       3
       7
       5
       7
       6
       8
       9
       7
      10
       4
       7
       9
      10
      10
       5
       7
      11
       5
       7
       3
      10
       6
       6
       6
       7
       7
       8
       6
      11
       8
       8
       4
       4
       7
       6
       7
       8
       7
       7
       2
       5
       8
       7
       5
       8
       3
      11
       4
       8
       7
       8
       7
       7
       3
       2
      10
       6
       5
       6
       6
       5
       6
      11
       7
       8
       6
       7
       7
       9
       8
       3
       3
       6
      10
       7
       6
       5
       4
       7
       7
       4
       3
       2
       7
       9
       9
       9
       5
       7
      10
      11
       8
       4
       3
       3
       6
      11
      11
      10
       8
       9
       8
       7
      12
      11
      10
       5
      10
       7
       6
      10
       7
       5
       8
       6
       9
       7
       4
       7
       4
       5
       4
       9
      13
       3
       4
       6
       7
       7
      12
       7
       9
       4
       4
       7
       6
       6
       3
       8
       4
       9
       8
       4
       7
       7
       7
       6
       4
       4
       2
       6
       6
       3
       4
       8
       8
       4
       6
       5
       7
       7
      12
       5
       5
       7
       5
       9
       4
       6
      12
       9
      11
       7
       5
       3
      15
      10
      15
       4
       7
       8
       6
       7
       8
       8
       7
       6
       3
       4
       9
       8
       4
       4
       8
      11
       4
       7
       5
       8
       5
       9
       8
       6
       7
       6
      13
       8
       5
       5
       8
       7
       2
       5
       9
       7
       7
       2
       7
       7
       7
       2
      14
       4
       5
       6
      11
       7
       6
       9
      10
       7
       6
      10
       7
       7
       4
       4
       5
       5
       5
       6
       5
       8
      10
       5
       3
       8
       9
      12
       4
       4
       8
       7
       6
       7
       6
       6
       7
       9
       7
       5
      12
       7
       5
       6
       5
       6
      11
       7
       3
       3
       2
       5
       4
       6
      10
       7
       6
       9
       5
       5
       6
       6
       7
       5
       8
       3
       7
       7
       5
      14
      10
       8
      10
       7
       7
       9
       7
       7
      10
       6
       7
       8
      11
       6
       8
       6
       4
       6
      10
       7
       7
       4
       8
       7
       5
       7
      11
       2
       6
       9
       8
       5
       5
      10
       7
       8
       5
       5
       9
      12
      12
      10
       3
      13
       7
       7
       9
       5
       8
       8
       5
       4
       9
       7
       9
       7
       6
       3
       7
       7
       7
       7
       7
       6
       8
       5
       4
       7
       7
      10
       5
       2
       3
       8
       4
       6
       6
      10
       7
       6
       5
      11
       7
       7
       7
      10
       7
       4
       6
       6
       8
       7
       5
       2
       5
       9
       4
       7
       5
       3
      10
       4
       7
       9
       9
       6
       8
       6
       8
       3
       6
       4
       6
       3
       9
       5
       4
       5
       4
      10
       6
       9
       6
       7
       6
       3
       4
       6
       9
       6
       8
       6
       5
       5
      11
       5
      10
      11
      14
       7
       8
       4
       4
       6
       2
       6
       7
       5
       7
       6
       5
       9
      11
       6
       8
       4
       4
       6
       5
       4
      10
      12
       6
       7
       4
       7
       7
      11
       6
       4
       8
       4
      10
      11
       6
       5
       5
      12
       6
       6
       2
      14
       5
       5
       7
       2
       5
       8
       8
       5
      13
       6
       6
       4
       6
       8
       5
       9
       5
       7
      10
       4
       8
       2
      10
       9
       9
       8
       5
       7
       6
       3
      10
       4
      12
       8
       6
       7
       8
       3
       6
       5
       7
       6
       7
       6
       4
       7
       9
       8
       2
       4
       4
       5
      10
       8
       6
       4
       8
       5
       9
       3
       7
       8
       5
       6
      13
       4
       8
      10
       8
       4
       5
       7
       4
       5
      11
       6
       5
       2
       8
      10
      10
       9
       9
       3
      10
       7
       4
      12
       4
      10
       8
       7
       3
       8
       4
       5
       5
       9
       5
       9
       8
      11
       8
       5
       5
       9
       3
      10
       4
       8
       6
      11
       6
       4
       6
       9
       6
       7
       8
      12
       9
       4
       6
       5
       6
       7
      11
       3
      12
       9
       9
       8
       5
       7
       7
       7
      11
       8
       7
       3
      11
      10
      12
       6
       5
       5
       3
       2
       2
       1
       7
       7
       5
       8
       7
      10
      12
       2
       4
       4
       4
       4
      10
       4
       8
       7
       7
       6
       3
      11
       5
       3
       1
       6
       7
       5
      10
       4
      11
      14
       7
      12
       6
       8
       6
       7
       5
       4
       9
       4
       5
       5
       7
      10
       6
       4
      11
       7
       6
       3
       9
       7
       9
       6
       5
       5
       4
       5
       6
       6
      11
       4
       7
      10
       8
       2
       5
       7
      11
       5
      11
       7
      13
      12
       6
       7
       5
       4
       4
       7
       8
       4
       7
       5
       7
       8
       6
       4
       3
      10
       5
       4
       9
       4
       6
       6
      13
       3
       1
       5
       5
       4
       8
      11
       6
      11
       6
       2
       4
      10
       7
       6
       4
       8
       7
      11
       5
       8
       8
       6
       4
      11
       6
       4
       6
       3
       3
      11
       3
       5
       8
      10
       8
      12
       3
       6
      10
       8
       5
       3
       6
       8
       8
      10
       6
       7
      10
      10
       6
       6
       3
       5
       6
       5
       7
       3
       4
       5
       8
       9
       8
       6
       3
       5
       6
       9
       5
       9
       7
       6
       6
       7
       3
       6
       7
       7
       5
      10
       8
       9
       5
       7
       6
       6
       5
       3
       8
       6
       7
       5
       8
       4
       9
       7
       9
       6
       9
       7
      13
       9
       8
       2
       4
       6
       7
       1
      11
       9
       5
       7
       7
       5
       6
       6
       7
       7
       3
       6
       7
       7
       8
      10
      11
       5
       7
       5
      10
       8
       7
       6
       6
       6
       3
       6
      12
       4
       7
       3
       5
       6
       4
      10
       8
       3
       5
      11
       5
       6
       7
       3
       8
       5
       6
       7
       9
      10
       5
       6
       6
       8
      10
       6
       5
       4
       6
       6
       9
       8
       8
       5
       5
      13
       3
       8
      10
       1
       6
       6
       3
      12
       8
      11
       7
       7
       4
      11
       4
       3
       7
       3
       3
       5
      11
       9
       4
       8
       8
       7
       7
       6
       8
       6
       5
       6
       2
       9
       7
       6
       9
       7
       6
       9
      10
       5
       4
       5
      11
       9
      10
       5
       4
       9
       7
       3
       8
       7
       6
       4
       5
       3
       3
       6
       5
       2
       7
       6
      11
       7
      12
       7
       4
       8
       2
       5
       8
       7
       4
       7
       9
       9
       7
       8
       3
      11
      10
       5
       7
       6
       7
      12
      10
      12
      10
       6
       6
       6
       4
       4
       3
      10
       6
      10
       5
       9
       5
       4
      11
       6
       6
       5
       4
       2
       7
       8
       7
       2
       6
       7
       6
       9
       5
       6
       3
       5
      11
       7
       4
       5
       4
       6
       9
       6
       4
       7
      11
       8
       8
       8
       9
       8
       7
       6
       7
       4
       3
       5
      11
      11
       5
       7
       7
       9
       7
       9
      10
      11
       8
       8
       7
       8
      12
       6
       4
       6
       3
       4
       9
       6
       6
       6
      10
       9
       3
       7
       7
       9
       7
      12
       8
      12
       6
       6
       7
       9
       6
       9
       4
       5
       7
       4
       5
       3
       8
       8
      10
       5
       8
       5
       4
       3
       7
       6
       8
       4
       8
       8
       6
       6
       9
       7
       7
       8
       7
      10
       4
       5
       9
       6
       3
       8
       3
       5
       4
       9
       6
       7
       5
       8
       5
       6
       8
       9
       7
       8
       5
      11
       5
      11
      10
       9
       9
       9
       5
      11
       8
       8
       5
       2
      13
       8
       4
       4
       2
       6
       4
       8
       6
       3
       4
       9
       5
       7
       9
      11
       6
       9
       8
       6
       5
       6
       7
       4
      10
       3
       6
       3
       9
       5
       5
      10
       4
       9
      12
       7
       7
       4
       8
       7
      11
       8
       5
       4
       5
       9
       5
       5
       5
       4
       8
       8
       4
      10
       5
       6
       7
      12
       6
      11
      10
       8
      15
       4
       4
       9
       5
       5
       9
       5
       3
       6
       6
       7
       5
       9
       7
       5
       4
       6
       5
       3
       3
       4
       2
       7
       7
       6
       6
       3
       5
       7
      11
       7
       9
       7
       6
       7
       4
       9
       1
      13
       7
       5
      11
       6
       4
       6
      13
       4
       7
       9
       7
       5
       7
       7
       6
       7
       8
       6
       2
       8
       5
       6
       6
       6
       3
       6
      10
      13
       6
      10
       9
       6
       7
       5
       6
       3
       5
       9
       4
       6
       7
      11
       4
       8
       7
       6
       2
       7
       7
      10
      11
      11
       9
       6
       4
       5
       8
       6
       4
       5
       6
       3
      10
      12
       8
       8
       6
       8
       0
       6
       4
       7
       8
       8
      10
       6
       8
       7
       5
       7
       9
       4
       7
       6
      12
       6
       6
       6
       7
       4
      13
       4
       8
      12
       4
       9
      10
       5
       3
       9
       8
       3
       3
       6
       7
       9
       7
       4
       9
       7
       6
       7
       7
      12
       9
       9
       6
       4
      12
      11
       7
       5
       3
      11
      11
       4
       5
       6
       4
      11
       8
       3
       6
       3
       3
       5
       6
       8
      10
       7
       4
       8
      13
       8
       6
       7
       7
       5
       6
      13
       6
       0
       4
       6
       8
       8
       3
       7
       6
       7
       1
      12
       4
       4
       6
      11
       8
      11
       9
       4
       7
       8
       4
       6
      11
      12
      15
       4
       6
       5
       4
       5
       6
       9
       7
       5
       6
       5
       8
      10
       5
       3
       8
      12
       6
      10
       5
       8
       6
       5
       4
       8
      11
       6
       6
       8
      12
       5
      10
       7
       9
       7
       3
       7
       9
       8
       4
       4
       7
      10
       5
       3
       8
      10
       6
       6
      11
      11
       4
       8
       4
       6
       8
       7
       4
      10
       4
       4
       7
       4
      11
       3
       5
       7
      10
       8
       4
       8
       6
       6
       4
       7
       8
       8
      14
      10
       5
       4
       2
      12
       9
       7
       6
       7
       5
       5
       8
       5
       8
       7
       9
       9
       9
       6
       7
       5
       5
       3
       5
       4
       7
       9
       8
      11
       9
       8
       9
       9
      14
       3
       7
       9
       4
       4
       7
       9
       4
       3
       4
       6
       8
       6
       6
       1
       5
       8
       7
       8
       6
       8
       7
       7
       6
       7
       4
       8
      10
      10
      12
       4
       7
       3
       6
       7
       9
       7
       4
       4
       4
       8
      10
       7
       5
       3
       7
       6
       7
       6
       7
       7
       6
      11
       8
       9
       8
       6
       6
      13
       5
       6
       6
       5
       2
       5
       7
       8
       9
       3
      10
       7
       6
      10
       6
       5
      10
       9
      13
      10
       5
       7
       7
       6
       7
      11
       5
       7
       7
       5
      10
       6
       3
       5
       7
      11
       4
      10
       7
       8
       9
      10
       3
       9
       3
       3
       3
       9
       7
       9
      10
      10
      12
       3
       6
       8
       9
       8
       3
       5
       9
       5
       3
       6
       5
       4
       4
      12
      11
       6
       7
       7
      11
      13
       7
       5
      17
       2
       4
       6
      10
       5
       6
       5
      10
       6
       5
       3
       4
       4
      13
       7
       5
       9
       8
       6
      12
       5
       4
       6
       5
       5
      13
       9
      11
       8
       4
       9
       9
       4
       9
      10
       6
       5
       6
       8
       8
       9
       5
       8
       8
      10
       9
       7
       8
       9
      11
       4
       5
       7
       9
       8
       9
       5
       6
       6
       5
       9
       6
      12
       8
       5
       6
      11
       4
       7
       5
       7
       1
       9
      10
       2
       7
       6
       8
      11
       8
       6
       5
      11
       3
       4
      11
       2
       9
       8
       3
       4
      10
      10
       6
       9
       4
       9
      11
       7
      11
       6
       3
       5
       6
       8
       9
       7
       7
       5
       8
       9
       7
      10
       2
      16
       7
       8
       3
       5
       8
      10
       6
      11
       9
      10
       4
      12
       5
       8
       5
       8
      10
       4
       5
       6
       1
       7
      10
       7
       2
       5
       7
       5
       3
       8
       7
       9
       3
       3
       9
       3
      11
      10
       5
       5
       8
       7
       8
      13
       8
       5
      10
      10
       9
       4
      10
       5
       8
       5
       7
       4
       7
       9
       6
       2
       6
      10
       5
       7
       4
      12
       8
       8
       9
       6
       8
      10
       3
       3
       7
      11
       4
       4
       7
       6
       7
       8
       9
      12
       7
       7
       4
       8
       8
      11
       5
       9
       4
       8
       8
       7
      12
       6
       3
      10
       7
       6
       7
       6
       7
      11
       9
       9
       9
       5
       5
       6
       8
       6
       5
       8
       5
       3
       8
       6
       9
       8
       9
       7
       9
       4
       8
      11
       6
       8
       9
       9
       6
       5
       7
       6
       7
       4
       4
      11
       5
       6
       3
      11
       5
      13
       8
       6
      10
       5
       4
       3
       8
       9
       6
       8
       7
       7
       2
       6
      12
       6
       6
       6
       6
      14
       2
      15
      10
       7
       4
       7
      10
       6
      10
       6
       5
      11
       4
      14
      10
       5
       8
       9
       4
       4
       9
       6
       2
       5
      11
      10
      12
       6
       5
       5
       6
      11
       5
       9
       9
       8
       6
       7
       4
       7
       9
       4
       9
       7
       5
       9
       8
       8
       4
       5
       3
       8
       9
       9
       6
      10
       6
       5
       5
      15
       7
      10
       9
       5
       3
       5
       8
       1
       7
       9
      10
       3
       9
       3
       8
       3
       5
       2
       5
       7
       8
      10
       8
       4
       8
       7
       9
       7
      11
       5
       5
       7
       4
       1
       9
       7
       6
       7
       3
       9
       8
       8
       6
       7
       8
       4
       8
       4
       3
       3
       5
       8
       4
       5
       6
       6
       6
       7
       8
       4
       6
       7
       4
       5
       9
       9
       6
       9
       6
       9
       9
       9
       7
       2
       3
      12
       5
       3
       7
       9
      11
       6
       7
       4
       6
       3
       4
       3
       6
       7
       8
       8
       5
       5
       8
      14
       3
      10
       1
       4
       7
       8
       9
       8
       3
       3
       4
       7
       9
       6
       7
       5
       8
       9
       3
      11
       8
       5
       8
       7
       5
       9
       5
       7
       7
       2
       4
      12
       7
       9
      11
       5
       7
       6
       4
       8
      11
      12
       9
       3
       8
       6
       9
       5
       9
       5
       6
       7
       5
       5
       9
      10
       7
       2
       7
       9
       6
      10
       5
       3
       7
       6
       8
      11
       6
       5
       7
       7
       9
      10
       9
       9
       5
       2
       8
       6
       2
       7
       6
       5
       7
       4
      11
       4
       6
       6
       7
       9
       8
       7
       6
       5
       8
      11
       5
       6
      10
       9
      13
       5
       6
       8
       9
       7
       4
       7
      11
       6
       6
       8
       8
      11
      11
       9
      10
      14
       7
       1
       4
       3
       6
       5
       6
       5
      10
       6
       7
       5
       8
       8
       7
       8
       2
       5
       9
      10
       7
       9
       5
       9
      10
      10
       6
       5
       7
       5
       6
       6
       6
       6
      10
       5
       6
       7
       5
       8
       6
       8
       9
       4
       5
       4
       7
       9
       6
       5
      10
       4
       8
       3
       5
      10
       9
       6
       5
       4
      11
       5
       8
       4
      14
       5
       5
      10
      16
       6
       4
       3
       3
      11
       7
       3
      10
       6
       4
       6
       8
       3
       4
       8
       6
       7
       8
       5
       6
       8
       7
       6
       3
      10
      10
      11
       6
       9
       5
       7
       4
       7
       8
       8
      11
       3
       9
       5
      12
       8
       9
       9
       5
       9
       4
       9
       3
       8
       5
       6
       8
      10
       3
      11
       4
       3
       7
       2
       4
       2
       1
       6
       8
       4
       9
       3
       6
       9
       5
       7
      13
       8
       6
       9
       8
       7
       5
       8
       7
       3
       7
       4
       9
       5
       5
       6
       8
       2
       6
       2
      11
       8
       9
       5
       8
       8
       5
       7
       7
      10
       6
       8
       5
       7
       8
       4
       5
       5
       4
       2
       4
       8
      10
      13
       6
       8
      11
       7
       7
       9
       9
       5
      10
       6
       9
       7
       9
       7
       4
      10
       7
       6
       9
       8
       4
       5
       8
       4
      16
      13
       6
       7
      12
      12
       5
       8
       7
       6
      11
       3
       9
       6
       7
       4
       7
       9
       6
      13
       5
      17
       4
       6
      12
      12
       7
       6
       5
       7
       4
       2
       5
      10
       3
       9
       6
       6
       3
       8
       5
       5
       7
       2
       8
       9
       9
       4
       3
       7
       4
       6
       4
       8
       6
       6
       7
      10
      10
      14
       5
       9
       4
      10
       5
       1
       8
       6
       5
       6
       6
      10
      11
       7
       7
       4
       8
       7
       3
       5
       5
       5
       6
      11
       4
       9
       7
      11
       8
       8
       8
       5
       8
       6
       4
       8
       9
       8
       6
       7
       8
      10
       8
       8
       3
       9
       3
       5
       7
       7
       3
       5
       4
       4
      11
       3
       5
       7
       7
       7
      11
      10
      11
      10
       7
       9
       6
       9
       6
       6
       9
      12
       7
       9
      10
       8
      10
       6
       9
       4
       8
       5
       9
       4
       8
       8
       6
       6
       7
       5
       3
       5
       8
       2
       6
       7
       6
       5
       5
      10
       8
       7
       8
       6
      11
       9
       4
       9
       5
       8
       6
       4
       4
       4
       6
       6
      11
       8
       7
       9
       8
       5
       7
       7
      10
       7
       2
       8
       6
       9
       5
       5
       7
      13
       7
       8
       8
       5
       8
       5
      10
      10
       6
       4
       2
       4
      10
       7
       7
       5
       8
       7
       7
      12
       6
       8
       5
       9
       8
      11
       7
       7
       6
      10
       4
       6
       8
      11
       6
       9
       5
       6
       6
       4
       8
      10
      12
       5
       9
       7
      11
       9
       6
       6
      13
      10
       8
      12
       8
      11
       7
      13
      12
       6
       5
       4
       5
       8
      12
      12
       5
       7
       5
       8
       4
      12
       3
       5
       9
       2
       5
       6
       4
      10
       6
       6
       8
       9
       6
       7
       6
      11
       8
       7
       5
      13
       7
       6
      14
       7
       7
       6
       6
       7
       9
       6
       3
      11
       9
       8
       6
       8
       4
       6
       7
       6
       2
       5
       7
       9
       6
       5
      11
       7
      14
       7
       3
       6
      10
      10
       6
      12
       1
       5
       6
       3
       7
      10
       7
       9
       3
       6
       9
       8
      12
       5
       8
       6
       6
       6
       3
       8
       4
       6
       7
       4
       3
       4
       7
      11
       6
       6
       7
       8
       4
       7
       8
       9
       6
      10
       2
       9
      10
       8
       8
       8
       9
      11
       5
       8
       9
       9
       8
      10
       6
       6
       6
       5
      12
      11
       5
       5
       8
       6
       6
       6
       6
       8
       7
       8
       7
       3
       5
       5
       6
       2
       7
       3
       5
      12
       3
       8
       8
       9
       3
       3
       7
       4
       5
       4
       9
       8
       9
       4
      12
       6
       9
       8
       4
      11
       7
       5
      14
       5
       9
       7
       4
       9
      13
       6
       5
       9
       8
       7
       9
       5
       4
       6
       7
       5
       4
       8
       8
      10
       3
       5
       9
       8
       4
       6
       3
       9
       4
       6
       2
       3
       4
       7
       3
      10
       8
       5
       6
       5
       5
      11
       9
       9
       8
       5
       6
       7
       4
       3
      13
       6
       9
       6
       3
       8
       5
      10
       4
       8
       8
      10
       5
       8
       4
       5
       8
       9
       5
       3
       5
       8
       7
       5
       9
       7
       8
       9
       8
       7
       5
      10
       8
       9
       7
       6
      11
       6
      10
       4
       8
       7
      12
       9
       7
      10
       3
       4
       3
       6
       4
       8
      10
       9
       5
       8
       7
       8
      11
      11
       9
       7
       5
       6
       6
       4
       6
       7
       3
       9
       9
       7
       6
       4
      12
       5
       4
       9
       3
       6
       2
       7
       6
      12
       5
       9
       2
       4
       3
       3
       0
       0
       0
       0
       0
       0
       0
       0
       0
       0
       0
       0
       0
       0
       0
       0
       0
       0
       0
       0
       0
       0
       0
       0
       0
       0
       0
       0
       0
       0
       0
       0
       0
       0
       0
       0
       0
       0
       0
       0
       0
       0
       0
       0
       0
       0
       0
       0
       0
       0
       0
       0
       0
       0
       0
       0
       0
       0
       0
       0
       0
       0
       0
       0
       0
       0
       0
       0
       0
       0
       0
       0
       0
       0
       0
       0
       0
       0
       0
       0
       0
       0
       0
       0
       0
       0
       0
       0
       0
       0
       0
       0
       0
       0
       0
       0
       0
       0
       0
       0
       0
       0
       0
       0
       0
       0
       0
       0
       0
       0
       0
       0
       0
       0
       0
       0
       0
       0
       0
       0
       0
       0
       0
       0
       0
       0
       0
       0
