#P kPa
4.0     8.0     12.0    16.0    20.0    24.0    28.0    32.0
#U mV
.71     14.1    21.0    27.8    34.5    41.4    48.2    55.2

#音量 dB
64      128     256     512     1000    2000    4000    8000    16000
#left ear, inc
39      19      9       8       -4      -3      -3      -4      34
#left ear, dec
42      15      8       7       -3      -3      -3      -4      41
#right ear, inc
40      27      3       0       -3      -4      -2      -6      54
#right ear, dec
44      18      2       0       -3      -4      -3      -4      49