# 20V电表误差分析
# Ro1=Ro2
100     500     1000    5000    10000   20000   40000   60000   80000   100000  500000  1000000 2000000 4000000
# Us1 V
2.528   2.533   2.538   2.542   2.545   2.542   2.540   2.538   2.536   2.533   2.490   2.455   2.317   2.106
# Uo1 V
2.531   2.532   2.525   2.483   2.426   2.315   2.122   1.960   1.820   1.698   .723    .429    .229    .117

# 2V组装表校准曲线
# Us1 V
.0012   .2105   .4115   .6035   .8099   1.0162  1.2185  1.3971  1.5940  1.7950  1.9964
# Uo1 V
.0013   .2103   .4108   .6025   .8087   1.0145  1.2167  1.3949  1.5918  1.7923  1.9936