# 水, 角度
66      67      68      69      69.5    70      70.5    71      72      73      74      75      76      77      78
# 功率计读数
781     727     618     494     405     324     225     177     193     314     420     493     541     577     611
# 无水乙醇
68      69      70      71      72      73      73.5    74      74.5    75      75.5    76      77      78      79      80
776     758     702     629     521     367     289     206     155     141     147     189     311     407     487     540
# 混合液2:1
68      69      70      71      72      72.5    73      73.5    74      75      76      77      78      79      80
760     699     611     471     313     218     158     148     171     283     395     469     525     573     614
