# 放电伏安特性曲线
# 20Pa
# U/V
539     531     522     513     505     498     491     484     476     468     459     449     438     427     414     396     376     347
# I/mA
e -3
88.9    85.2    80.0    75.0    70.0    65.0    60.1    54.9    50.2    44.9    40.0    35.0    29.8    25.0    20.2    14.8    9.9     5.0
# 40Pa
419     416     413     410     407     403     399     395     390     385     379     372     364     356     347     337     327     320
90.0    85.0    80.0    75.2    70.1    64.8    59.9    55.1    49.9    44.9    40.0    35.0    30.0    24.8    19.8    14.8    9.9     4.9

# 击穿电压和帕邢定律
# p/Pa
10  20  30  40  50
# U/V
363 474 600 655 721

# 朗缪尔双探针伏安特性曲线
# p=20pa, P=8.67W
# U/v
.1	.2	.3	.4	.5	.6	.7	.8	.9	1.	2.	3.	4.1	5.1	6.1	7.	8.	9.	10.1	20.	30.7	40.2	50.5	60.9	70.5	80.4	90.7	99.8	-.1	-.2	-.3	-.4	-.5	-.6	-.7	-.8	-.9	-1.	-2.	-2.9	-4.1	-4.9	-5.9	-6.9	-8.1	-9.	-10.	-20.2	-30.6	-40.	-50.2	-60.3	-69.5	-80.6	-89.8	-99.8
# I/uA
.10	.14	.19	.24	.26	.32	.39	.43	.48	.52	.98	1.47	2.04	2.52	2.99	3.27	3.69	4.12	4.65	7.41	9.13	10.31	11.49	12.62	13.80	14.87	16.00	17.00	-.09	-.12	-.18	-.24	-.31	-.32	-.36	-.45	-.51	-.55	1.09	-1.58	-2.13	-2.52	-3.02	-3.49	-3.94	-4.33	-4.64	-7.44	-8.88	-10.04	-11.29	-12.39	-13.40	-14.50	-15.49	-16.51
# p=20pa, P=3.82W
.1	.2	.3	.4	.5	.6	.7	.8	.9	1.	2.1	3.	4.	5.	5.9	6.9	8.	9.	9.9	20.6	29.9	39.4	49.6	59.9	70.7	80.5	90.8	98.9	-.1	-.2	-.3	-.4	-.5	-.6	-.7	-.8	-.9	-1.	-2.	-3.1	-3.9	-4.9	-6.1	-7.1	-7.9	-8.9	-10.	-20.1	-30.1	-39.8	-50.3	-60.5	-69.6	-79.6	-90.3	-99.8
.10	.13	.16	.16	.17	.20	.21	.25	.28	.28	.51	.70	.93	1.18	1.33	1.58	1.83	1.98	2.21	3.91	4.84	5.61	6.24	7.09	7.83	8.44	9.11	9.71	-.13	-.15	-.18	-.17	-.20	-.21	-.22	-.23	-.23	-.23	-.43	-.70	-.86	-1.07	-1.35	-1.56	-1.71	-1.91	-2.10	-3.96	-4.67	-5.32	-6.14	-6.72	-7.43	-8.03	-8.74	-9.41
