# 放电伏安特性曲线
# 20Pa
# U/V
681	649	641	623	620	589	582	579	558	544	540	523	519	500	486	470	460	442	419	396	309
# 539     531     522     513     505     498     491     484     476     468     459     449     438     427     414     396     376     347
# I/mA
e -3
99.8	93.2	89	85.3	80.2	75.9	69.3	66.5	59.8	55.7	49.8	44.7	40.3	35.6	30.3	25.4	20.8	14.8	10.4	6.3	0.9
# e -3
# 88.9    85.2    80.0    75.0    70.0    65.0    60.1    54.9    50.2    44.9    40.0    35.0    29.8    25.0    20.2    14.8    9.9     5.0
# 40Pa
# 419     416     413     410     407     403     399     395     390     385     379     372     364     356     347     337     327     320
# e -3
# 90.0    85.0    80.0    75.2    70.1    64.8    59.9    55.1    49.9    44.9    40.0    35.0    30.0    24.8    19.8    14.8    9.9     4.9
461	458	454	449	446	443	438	435	430	425	422	417	411	404	399	392	383	372	356
e -3
97.1	94.3	90	84	80	75.8	70.3	65.8	60.8	54.6	50.8	46.3	40.4	34.4	30.9	26.2	21.3	15.3	9.8

# 击穿电压和帕邢定律
# p/Pa
10	20	30	40	50
# 10  20  30  40  50
# U/V
385	480	559	619	670
# 363 474 600 655 721

## 朗缪尔双探针伏安特性曲线
## p=20pa, P=8.67W
## U/v
#.1	.2	.3	.4	.5	.6	.7	.8	.9	1.	2.	3.	4.1	5.1	6.1	7.	8.	9.	10.1	20.	30.7	40.2	50.5	60.9	70.5	80.4	90.7	99.8
#-.1	-.2	-.3	-.4	-.5	-.6	-.7	-.8	-.9	-1.	-2.	-2.9	-4.1	-4.9	-5.9	-6.9	-8.1	-9.	-10.	-20.2	-30.6	-40.	-50.2	-60.3	-69.5	-80.6	-89.8	-99.8
## I/uA
## e -6
#.10	.14	.19	.24	.26	.32	.39	.43	.48	.52	.98	1.47	2.04	2.52	2.99	3.27	3.69	4.12	4.65	7.41	9.13	10.31	11.49	12.62	13.80	14.87	16.00	17.00	
## e -6
#-.09	-.12	-.18	-.24	-.31	-.32	-.36	-.45	-.51	-.55	-1.09	-1.58	-2.13	-2.52	-3.02	-3.49	-3.94	-4.33	-4.64	-7.44	-8.88	-10.04	-11.29	-12.39	-13.40	-14.50	-15.49	-16.51
## p=20pa, P=3.82W
#.1	.2	.3	.4	.5	.6	.7	.8	.9	1.	2.1	3.	4.	5.	5.9	6.9	8.	9.	9.9	20.6	29.9	39.4	49.6	59.9	70.7	80.5	90.8	98.9
#-.1	-.2	-.3	-.4	-.5	-.6	-.7	-.8	-.9	-1.	-2.	-3.1	-3.9	-4.9	-6.1	-7.1	-7.9	-8.9	-10.	-20.1	-30.1	-39.8	-50.3	-60.5	-69.6	-79.6	-90.3	-99.8
## e -6
#.10	.13	.16	.16	.17	.20	.21	.25	.28	.28	.51	.70	.93	1.18	1.33	1.58	1.83	1.98	2.21	3.91	4.84	5.61	6.24	7.09	7.83	8.44	9.11	9.71
## e -6
#-.13	-.15	-.18	-.17	-.20	-.21	-.22	-.23	-.23	-.23	-.43	-.70	-.86	-1.07	-1.35	-1.56	-1.71	-1.91	-2.10	-3.96	-4.67	-5.32	-6.14	-6.72	-7.43	-8.03	-8.74	-9.41
#



0	1	2.1	3	4	5.1	6	7.1	8.1	9	10.1	20.1	29.8	40.4	50	60.1	70.1	80.2	90	100
-99.2	-90.7	-80.6	-70.1	-60.4	-50.1	-40.4	-30.3	-20.6	-10.3	-9	-8	-7	-5.9	-5	-4	-3	-3	-0.9	
0.05	0.27	0.47	0.65	0.82	1	1.12	1.28	1.39	1.48	1.59	2.32	2.84	3.42	3.9	4.41	4.94	5.54	5.93	6.55
-7.46	-6.99	-6.44	-5.92	-5.27	-4.76	-4.19	-3.73	-3.08	-2	-1.8	-1.63	-1.46	-1.24	-1.05	-0.82	-0.62	-0.39	-0.16
																																						
0	1	2.1	3	4	5	6	7	8.1	8.9	10	20	29.9	40	50.1	60	70	80.1	90.7	100.1
-100.1	-90.7	-80.1	-70	-60	-50.1	-40	-29.9	-20	-10	-8.9	-8.1	-7	-6	-5	-4	-3	-2.1	-1	
0	0.05	0.12	0.18	0.24	0.3	0.37	0.42	0.51	0.53	0.61	1.11	1.48	1.74	2.04	2.3	2.64	2.88	3.25	3.48
-4.01	-3.73	-3.3	-2.99	-2.66	-2.38	-2.09	-1.75	-1.32	-0.67	-0.6	-0.54	-0.47	-0.4	-0.34	-0.26	-0.21	-0.14	-0.08	
