# I to B data table
# I
0       .1      .2      .3      .4      .5      .6      .7      .8      .85     .90     .95     1.      1.05    1.1     1.15    1.2     1.25    1.3     1.35    1.4     1.45    1.5     1.55    1.6     1.65    1.7     1.75    1.8     1.85    1.9     1.95    2.      2.05    2.1     2.15    2.2     2.25    2.3     2.35    2.4     2.45    2.5     2.6     2.8     3.
# B up
0       16      37      47      63      79      95      112     127     135     144     151     159     167     175     183     191     199     207     214     222     230     238     245     253     261     269     276     284     291     299     306     314     321     329     336     344     351     358     365     373     379     386     400     424     446
# B down
0       17      33      50      66      83      99      116     132     140     148     156     165     173     181     189     197     205     213     220     228     236     244     252     260     268     275     283     291     299     306     314     322     330     337     345     352     360     367     375     382     389     396     409     433     447

# I up(B, A)
0       .101    .202    .303    .403    .505    .600    .702    .805    .906    1.001   1.109   1.201   1.300   1.406   1.501   1.603   1.700   1.710   1.720   1.732   1.740   1.750   1.760   1.770   1.780   1.794   1.801   1.810   1.821   1.831    1.840  1.851   1.860   1.871   1.880   1.889   1.900   1.911   1.920   1.931   1.940   1.950   1.961   2.      2.102   2.202   2.301   2.410   2.503   2.603   2.792
# I up(uA)
49.9    49.9    49.9    50.1    50.2    50.6    50.6    50.6    50.6    50.6    50.3    50.2    50.     49.8    48.8    47.     43.1    30.2    28.     25.3    22.8    20.6    18.2    15.8    13.1    11.     8.4     7.2     6.1     5.9     5.9     6.5     7.9     9.2     11.4    13.5    15.4    17.9    20.1    22.1    24.1    25.9    27.6    29.2    34.1    41.2    45.     46.8    48.     48.8    49.2    50.1

# I down(B, A)
2.602   2.506   2.403   2.303   2.200   2.102   2.006   1.906   1.890   1.879   1.855   1.849   1.840   1.830   1.820   1.809   1.800   1.790   1.780   1.770   1.760   1.748   1.741   1.730   1.719   1.710   1.701   1.687   1.597   1.405   1.304   1.203   1.104   1.006   .902    .805    .700    .603    .499    .406    .301    .203    .103    0
# I down(uA)
49.4    49.0    48.2    47.0    45.4    42.6    37.1    24.1    21.0    19.0    13.4    12.1    10.1    8.4     7.0     6.1     5.9     6.1     6.9     8.6     10.4    13.2    15.0    17.9    20.6    23.1    25.6    29.5    43.6    47.6    49.2    50.2    50.8    51.0    51.0    51.0    51.0    51.0    51.0    50.8    50.5    50.3    50.4    50.4

