# voltage V
260     270     280     290     300     310     320     330     340     350     360     370     380     390     400     410     420     430     440     450
# count N
0       0       1       0       2496    3500    3785    4142    4460    4379    4493     4572    4705    4598    4951    4853    5058    4998    5168    5018

# number of Al plate
1       2       3       4       5       6       7       8       9       10      11      12      13      14      15      16      17      18
# exposure time t
30      35      40      45      45      45      45      45      55      70      100     140     100     140     250     300     360     520
# Count N
2967    2822    2764    2611    2179    1762    1469    1154    1140    1215    1267    1327    632     662     827     676     677     640