#暗伏安特性
#U / V
.429	.523	.586	.665	.710	.808	.897	.981	1.063	1.145	1.226	1.302	1.379	1.456	1.524	1.602	1.674	1.749	1.833	1.968
#I / mA
e -3
.20	.60	1.00	1.60	2.00	3.00	4.00	5.00	6.00	7.00	8.00	8.99	10.01	11.01	11.99	13.01	13.99	15.01	16.20	18.11

#输出特性
#1 ------
#距离 d / cm
e -2
50
#R_L / omega
50	200	300	400	500	600	700	800	900	1e3	2e3	3e3	4e3	5e3	6e3	7e3	8e3	9e3	1e4	1.5e4	2e4	9e99
#U / V
.002	.010	.016	.021	.027	.032	.037	.043	.049	.053	.107	.160	.207	.244	.269	.284	.295	.301	.307	.322	.327	.343
#2 ------
#距离 d / cm
e -2
40
#R_L / omega
50	200	300	400	500	600	700	800	900	1e3	2e3	3e3	4e3	5e3	6e3	7e3	8e3	9e3	1e4	1.5e4	2e4	9e99
#U / V
.003	.017	.025	.033	.042	.050	.059	.067	.075	.085	.166	.238	.279	.299	.312	.320	.326	.329	.332	.342	.346	.358
#3 ------
#距离 d / cm
e -2
30
#R_L / omega
50	200	300	400	500	600	700	800	900	1e3	2e3	3e3	4e3	5e3	6e3	7e3	8e3	9e3	1e4	1.5e4	2e4	9e99
#U / V
.007	.030	.045	.061	.077	.093	.107	.123	.138	.154	.266	.308	.327	.338	.344	.349	.352	.355	.357	.363	.366	.375
#4 ------
#距离 d / cm
e -2
20
#R_L / omega
50	200	300	400	500	600	700	800	900	1e3	2e3	3e3	4e3	5e3	6e3	7e3	8e3	9e3	1e4	1.5e4	2e4	9e99
#U / V
.016	.064	.096	.125	.154	.178	.202	.221	.237	.252	.322	.347	.358	.364	.370	.373	.375	.377	.379	.383	.385	.392

#开路电压，短路电流与光照特性
#d / cm
e -2
20	25	30	35	40	45	50
#U_OC / V
.393	.384	.374	.365	.357	.349	.343
#R = 50 omega
#U / mV --> I_SC
e -3
16.42	11.33	7.80	5.63	4.23	3.32	2.68

#不同负载下输出电压与光照特性
#d / cm
e -2
20	25	30	35	40	45	50
#R = 100 omega
100
#U / V
.0344	.0214	.0145	.0104	.0079	.0061	.0049
#R = 1k omega
1e3
.2610	.2041	.1453	.1063	.0803	.0633	.0512
#R = 5k omega
5e4
.3694	.3516	.3343	.3160	.2948	.2683	.2364
#R = 10k omega
1e5
.3845	.3693	.3556	.3431	.3306	.3180	.3044

